9939933939933339 333 33399 399 939 9139 393 59133 33199) >9393 qm ·3 w
939399 399 99399 3931 g 99 333199 ιιΗ 9333199 99 {mmmm-p [9339

mu 113 33 - 9 ’3 ιιι 333 11 - 9999391991 - 33 ἰ ww}
-93 39 3333-93 ’33 939 3339383 33 -9-39393833

-9399 9933 ’53339999333339 9999 ’339991393393 ,93993 5939 3931 9 mon
99331939 533319 39993 ,993199 ’999939 9 59993339 599 59919393 593 9933·
533939999991 9991533999993193199 ’3393319933133999 99 593319 ,3939313333Ι
,31913393 933 933331999399 939 39319 3933399 ’99399 59933 3331933 ’
91333339 »533999993333393 999 339 599331999391999 ’9339993399 593939 «3
-33 59393999333339 59319 1333993399 5939 9931 99933993 9393 53139933
99333339 5999931399 59133 93 99 3999399339 933 99933 9339319993 93
939 93933 ’3393339993 u 999139 593 3393 ’9999993 393399 393 9313931993
93 999 93339 ί393 ,39399 993 9339 5993 59933 3939993 9333933 939913
93 99999 993933 99 933993913993 9933 ’9993939339 aq 9933 3339933 99 9933 39
59939999 9331539993 95 ,93919 993 ’99999993 9931 3999939933 993
9339 9933 ’93399 593931933 993 339 99399 9391199399 93 99931333 399
9933 ,393399999393339 993 ’331 59933 ’5931933 33199 ’999939 9991333339 399

,3933199 993159ξ9 931399 999939 993 93 3399933993 ’5999133339
99333 93 933199 999139 993 593133 39339939 39339 ’59993 ι999 ’99933 33.
93331 99 339 3939339999 93313999 3393999 3393 9339 5993 9339 5333399
9399 99 93 ’999939 993 59133 3939993 93993 ,533 9399 ‘nm
9993319 93911913993 93 39319399 9933 ’5339999933
3339 9993 ’339999333993 ,999399 3393 9339 5993 59319 59933 999939 93
9993193193 333 93331999 3933199 9339319 993 5999999933 593 993· 933133 91

911939 39399933 399911993939 993199 393 9ο 99 533919 9933 ’9399399319
39333339 399931 9993 59393399 339999 9393 9339 99 3399319993 9939 3339
-939 939999 3333 939 99 939931 99 999 ,11339939 ’53393339 (9933133
993 9339 99) 33933 593319 9933 991 933193 ,33199 3593313319 5393319931
9999399399 133199 99 993 939333 9 999999, 933 9339 9 ’539933 ιι
9339 9 ’59999ή 9999 ,533933339 ’3339999 33333 991 93319 ,93339993
991 93 3939339993· 3919391333 aoonoJmm 5939399199339 99399933
-939 93 9333333933 31393999 959319 99, 99399 99399 933 339999 59933331
-139933 9913999 939 ’9339 99319 53993393 993 9339313339 9933999999ιύ
9 99331 5939339119 99 339 ,59999999 5339933331 ’99399333 ’533331 93
-939 3933999 9933 3193393399 ’539999999933599999335999999 9933 53993199
3339 53393939999 9333199999 ’3939999 ’59393399 533319 9933 991 933113
393911393999 993 939 39399 9933 393333199933333 399 9933 93 ’99 33993
59399339’9ω393131393993 393919199333 99 9331393191 593319 339319

le 85·ssss ‘8 'mr 'A ammon · ἸΙ-9 ίΕ Ἥθῑθῐ 'A12ss3ffl0H

 

