A Β181818ω18115111111811. xxlx

Tabelle dor Origenesfragmonte 1118 der J eremxakateno.

. 1 1 -,, ὁ, .-
Nr. dieser ἒ -u ³⁰3. Ι ’ ¹5? 1Ξ41 ZuJeremin hssnffprff
..11111158 ¹35³ ὃξω1ιεὲᾒξ1ξ5ῑξ1 151111)οθῃθο
, v! »a

milio

1 1111111111 1 11211 1 5 5111 1

,, ,12 Lm

2÷ 11111
881 11111111 111-15
111181111111111 1 11811

1551111115 5 8Ι 1 1 111 111
1151111111165 11 11 - 111ιῖ
1151111118 1 52 1 8,1 1 181
15811811 818 51 N ¹ 81 118,1-5
15111181 15 ι 1, 8, 81, 15 8,5

1., .. 111 1 581115 8,5.1
1111 , 15 815
15511111181 7 11 ,
11,, ο1111 1 8 11 ,

18 8,18
115 1 151 11 1811-15

'isti' 11 1 11,.1155 8,15
11551,181 1 1111 1,1 8,15,11
1111111111 11 11 111
111³JJ‚”,2157J?5‚5i
1158111151 11 1 151 518 8111
1811551118118 1518 181111
8 1551118111 1118
1151151115 11 15 1“ 1 1518 81118 .
1
11,) 11111111 1 55 11111
81 18115 181 1111115
1111111511 18 15 111 11111 11138
1111, 1 1111 11..
111111 111 111
811 11111115111811 11 1811111111
1Ἠ11,1,185111151 1115111111)

“ 1ΤΤ81515555,

 

