Luku3,16.Stellenregl1121. 1189691446· 313

3,16. . , 19, ιο 17,1719.,1116 1611· 12, 27 . 112,9.127, 16
3,17.1831911131911331. . ,193. 3 12, 14.,73,11,1611.
3 31 ., 1,399, 318,8 ,13,13. 101, 1711, 31. .54, 1619
4,18. 7227 1,136,11.18.19.13, . 16,1311.111,33, . , 96, 1
3,31,,.1961311111,,.171137.,,.1146,4
6,19,,., 3,91618..14 ,.1,1,949138,.,,1463
611183,131,1113,13,118,11. ,149,1914, 6. ,194.11,146 9
⁶ 7119111111 811' · 111;;·,;11’···.;3 ¹¹ ⁸ ⁶ ’1,17 ¹¹
611Η11 101, 1,183, 3.19180, 13, 20. . . ,179 3,1111 23. ⁶ ' ι ,31.11

13. 119,4..141 1.136,1614177 ,..,6. 11
6,19 , . , . 168191, 21, 20. 31, 161, 73, 1311. 14, 30. ,119 31’,118 11

7,19,199,14.,.191131114.,..1147,1,,9131136,11ο9,39
7,18 , ,. .290, 1911, 9-11, 1.69. 824·,27715 2.. 133, 4
7, 33 .110, 13 11.11. 8,7 17 13.11., ,7258,27
7. 39. . . .129, 13, 24, 31· 191,13.15 192,12718,36. . , 123, 111.
7, 41 . , ,119, 16 7207, 25. 19, . , .168,12

,4

...141 . ,119,16 19,15....7214,28
1,148,’18.18942’11 mm„ 719, ,1.3 6 , , . 136,171,
,44, ,,;,114911164,31,,.,41761914

,19 .. .7,910 195,14.
9,221'21...2.9.,11611.2 ,8,.1176191.

9,1614131919341611,1-3.,, 11119113 . 1,17,1711,
19,31,.11,...,7[311314 ,1,.69111’1
:3⁸, 6. 298631211ΙΙ :79 911· . . ,1146181911 27. 31. . .11188 18
1919,;.;;111119119.,..1196,1119,41.. 678
10,20. . 147 181 1473631919917143 ..118,.111
11, 9, .42, 111 1,13, ,199,16’3.13.14, ..1413
11,39, ;,;,113361161961319.,.,,,
:377 ·¹⁹.⁰„³²}‡}7 82,11Ἷ·····;5
11,19. ,,133182811139,17,,191,4416
12, 20. ,133,11. 136, 51,.33 34. 2.91 341931.. ...111311
12,34. 41174 6..1111 . ,13418739 ..19416
1441811.. 8113414 ,1198,,16731,,,..11.17
¹² 45 46Ρ44 64· 45455 ·· 45,.,196 51.ο 1419, 41
¹2 41· · 459 45 5 44· ·,451458 ·,54 45
11474811131613818313 38,1012830.. ..73 7
¹² 49 ·494 95·44 485 451956· ..469 49
13, 7. ,137 8 3 46 47. 6,6 8 289, 4419, 37· 1.69 19
13,1,.314.1116. 1¹6,.913. ,11971993941,,,.169,11
13, 2⁶ ..... 7, 915, 4811. . . ,71.14110, 9. ..16916

1317. ...814633 .,1993919,11,,,,.169,18
1318 3461,,.,881861966768, 1481411311 . . . ,17714
13.34,1136,17,133, 4737 ,, ,163 18713, ,46 30, 811. 14 191,9
133433 311119111811,, .1,3713 11741416,

14, 1820. . ,31 11„8 12 ..96 3 13. 46. 16, .24, 7
1416,,17 ,14911111839 171714137 ....2524
13,3·3,1111,8.111118,44,69,111113,11’16,9,19.18,9·93, 15
13,.7111194 96,.1917,81,1196.,13177,13
15,10. . .7257, 19Ι 9, 39. ,117 3 23 3. 1.67, 18. 21. 23
131114.19..163,141,19,8, 7.208,5

15, 22. .7205. 31. 10,9. .,294 31

16,12 ..... 5,10 11.14 , .36, 19 mom
16,13. ,,188,519119, 16. .,30 1

16,.14 ,18391917 361614414168,,..113,11
16, 13, 194,11. 293, 308.,710 29. .,154 3131 . . ..1194161
17, 21. ,133 13 11, 25. 6.7. 13 4 ....1111, 17

 

