2731 153Γ 36 23 21 .
„ 37 24 22 Ι .. 1
38 23 23 31.2
274* 1331 133 26 24 12,11 13 34.2 3
46 27 23 X! 3

. η 41 21 26 12.13 31.3
2731 1341 42 29 27 12,13 31.4
2764 1341 43 36 21 13.12 311 L 2

1 1 44 31 22 13.14 311.3
1111116111 11 111 111 ,11111
x 11111 11111· ⁴⁶ ³³ ³¹
11 34 32
48 33 33
“ ” 19 111 11
. . 36 37 33
2161 „ ' 31 31 36
. „ 32 32 31
. .. 33 411 31
2111 1311 34 41. 36
.. ., 33 12 411
,1 1. 36 43 41
. . 31 44 42
a 55, 43 43
136 46 44
“ “ 166 41 43
1. .. fil 11 111
212· 1331 62 16 4ῖ
63 36 11
“ 114 31 111
21411131ῐ 63 32 311
2131 . 66 33 31
2111 1311 61 31 32
,, 11 33 33
„ 111 36 31

 

