281
191111 m 1 ‚
1191119 gg Ι ,1 1011111199 091 1011110199 9511 0110910119 99 Ι ο ,1191199 31

1001199159 1011199011 90 111101990191111111
1111101910 10109 [590119] 1901 19 5901 91111 119 ’19109 ,1911 ,19011 1(191“999191)1

’11110131 1111- ’1111111111111111-11’111111113111-111 1111111
131 11 - 1111111181 11 - 11 ‘u ’1111111811 0 ·- 11111111 1

1101191919 11111199 59011 1111019 1011101119 5111101199 19119 1111901 91119
111011109195011101910 5901 1109 91 19911 591 1011100919( 091 9100109,

’111111111131111 ’111111

·111119011191999 19911111 191 11110991 ,1110199 0111191119 0191010111
9 91111 199 01111190 ,11999 1111ῇ99119 11901911 1100911111 11911 1000119091
9011 «1191111911 11191 1911 ’5109111111 901οώ 19111 5109119109 1101110999 9111119
-111190511119911190119 »1101910919 5911991 5001911110 901 091 9119)

‘81 *911111199131999 'mo ‘JN

1111009109 111091 11191 91111 1191991109 03
11011911 901 1019110109 90 9990 11901190 11099199 9 111191 0119191111
’1111999011ῇ91050119110919 ,51110591991011911 1191 591 1191110119 11111
-011919119 ,1011901110111119110110111 11911911 9119 5119909019 19 (9
0110199 ’0110991011119 1101191109 59011 5109011009*ι 11111 1109119199 590
ι111911101119001101111 Ι911109 101191 50199 9 1019910191 11911 91191( 91

1111111111131111 ’111110 11

1101119119 0191 1011191
(11091199 1190 11109019101110090191111911190111191 19 90111 1190οώ
10119111191111111911911911 119 1109199 ’1911911 590111 ,01100901 19 91
11111119991119 5919111 590 11911109 91111 »1011099111 91911009ι 11911 ’11911199 01
1911 1111000991 91 0999091( 091 »111119 ,19091 01119 5111011911 901911
(011199 111101999119 1190 ·19111111111119010119119 11090111 99 1011
-011190111 ,9990919 091 11199 ,10909 1090011111 90101099 1901111 11199

11 ’11111111θὸ111 ’11110111
101111919 1191111119
10091119 ί1109111001111 1111100910 1911111119 119 1111100111 901 vogno
-00011 1911 90 99 91 ·11101110911111111919009 591 1191 11009911109
61199 91 0911 5101119199 191 91 1101190919 11111 91 ΙΙ 99 9091191

1111111111931111 ‘lxo 'JN

·0uo2qu030qdoad 119 111111118119199

 

